-0.030000	0.397725
-0.029900	0.318180
-0.029800	-0.159090
-0.029700	0.079545
-0.029600	0.318180
-0.029500	0.079545
-0.029400	0.000000
-0.029300	-0.318180
-0.029200	-0.159090
-0.029100	-0.318180
-0.029000	-0.238635
-0.028900	0.000000
-0.028800	-0.159090
-0.028700	-0.159090
-0.028600	0.000000
-0.028500	-0.318180
-0.028400	0.079545
-0.028300	0.159090
-0.028200	0.000000
-0.028100	0.238635
-0.028000	-0.318180
-0.027900	-0.556815
-0.027800	-0.159090
-0.027700	0.159090
-0.027600	0.159090
-0.027500	0.318180
-0.027400	-0.159090
-0.027300	0.000000
-0.027200	0.238635
-0.027100	0.318180
-0.027000	0.159090
-0.026900	0.159090
-0.026800	0.238635
-0.026700	0.238635
-0.026600	0.079545
-0.026500	0.477270
-0.026400	0.238635
-0.026300	-0.238635
-0.026200	0.397725
-0.026100	0.397725
-0.026000	0.556815
-0.025900	0.159090
-0.025800	0.397725
-0.025700	0.000000
-0.025600	0.159090
-0.025500	-0.159090
-0.025400	0.000000
-0.025300	0.000000
-0.025200	-0.079545
-0.025100	0.000000
-0.025000	0.159090
-0.024900	-0.238635
-0.024800	0.079545
-0.024700	0.000000
-0.024600	0.000000
-0.024500	0.397725
-0.024400	0.477270
-0.024300	0.238635
-0.024200	0.477270
-0.024100	0.238635
-0.024000	0.159090
-0.023900	0.238635
-0.023800	0.318180
-0.023700	0.477270
-0.023600	0.318180
-0.023500	0.079545
-0.023400	-0.079545
-0.023300	-0.159090
-0.023200	0.318180
-0.023100	0.556815
-0.023000	0.318180
-0.022900	0.159090
-0.022800	-0.318180
-0.022700	0.079545
-0.022600	0.079545
-0.022500	0.159090
-0.022400	0.238635
-0.022300	0.079545
-0.022200	0.000000
-0.022100	0.159090
-0.022000	0.397725
-0.021900	0.000000
-0.021800	0.238635
-0.021700	-0.238635
-0.021600	-0.079545
-0.021500	0.079545
-0.021400	-0.318180
-0.021300	-0.159090
-0.021200	-0.079545
-0.021100	-0.238635
-0.021000	-0.159090
-0.020900	0.000000
-0.020800	0.079545
-0.020700	0.238635
-0.020600	0.397725
-0.020500	0.318180
-0.020400	0.000000
-0.020300	0.000000
-0.020200	0.000000
-0.020100	0.079545
-0.020000	0.079545
-0.019900	-0.159090
-0.019800	0.159090
-0.019700	0.238635
-0.019600	0.000000
-0.019500	0.159090
-0.019400	0.159090
-0.019300	0.159090
-0.019200	0.318180
-0.019100	0.159090
-0.019000	0.397725
-0.018900	-0.159090
-0.018800	0.238635
-0.018700	0.318180
-0.018600	-0.318180
-0.018500	0.000000
-0.018400	0.000000
-0.018300	0.238635
-0.018200	-0.477270
-0.018100	-0.556815
-0.018000	0.000000
-0.017900	-0.397725
-0.017800	0.238635
-0.017700	0.159090
-0.017600	0.000000
-0.017500	-0.079545
-0.017400	-0.238635
-0.017300	0.000000
-0.017200	-0.238635
-0.017100	0.079545
-0.017000	-0.079545
-0.016900	0.079545
-0.016800	0.000000
-0.016700	-0.397725
-0.016600	-0.159090
-0.016500	0.318180
-0.016400	0.238635
-0.016300	0.318180
-0.016200	0.159090
-0.016100	0.238635
-0.016000	0.159090
-0.015900	0.318180
-0.015800	0.159090
-0.015700	0.159090
-0.015600	0.079545
-0.015500	-0.397725
-0.015400	-0.159090
-0.015300	-0.159090
-0.015200	0.159090
-0.015100	0.000000
-0.015000	0.318180
-0.014900	0.238635
-0.014800	0.159090
-0.014700	0.079545
-0.014600	0.238635
-0.014500	0.318180
-0.014400	0.397725
-0.014300	0.079545
-0.014200	0.318180
-0.014100	0.079545
-0.014000	0.397725
-0.013900	0.079545
-0.013800	-0.318180
-0.013700	-0.079545
-0.013600	-0.079545
-0.013500	-0.318180
-0.013400	0.318180
-0.013300	-0.397725
-0.013200	-0.159090
-0.013100	0.079545
-0.013000	0.000000
-0.012900	0.000000
-0.012800	-0.238635
-0.012700	-0.079545
-0.012600	-0.079545
-0.012500	0.159090
-0.012400	-0.079545
-0.012300	-0.318180
-0.012200	-0.715905
-0.012100	-0.238635
-0.012000	0.318180
-0.011900	0.079545
-0.011800	-0.159090
-0.011700	-0.159090
-0.011600	-0.397725
-0.011500	-0.159090
-0.011400	-0.477270
-0.011300	-0.238635
-0.011200	0.000000
-0.011100	-0.159090
-0.011000	-0.238635
-0.010900	-0.477270
-0.010800	-0.397725
-0.010700	-0.715905
-0.010600	-0.318180
-0.010500	-0.477270
-0.010400	-0.238635
-0.010300	-0.318180
-0.010200	-0.079545
-0.010100	-0.159090
-0.010000	-0.397725
-0.009900	0.079545
-0.009800	-0.318180
-0.009700	-0.397725
-0.009600	-0.159090
-0.009500	-0.318180
-0.009400	0.000000
-0.009300	-0.079545
-0.009200	0.079545
-0.009100	0.238635
-0.009000	0.000000
-0.008900	-0.079545
-0.008800	0.000000
-0.008700	-0.159090
-0.008600	-0.238635
-0.008500	0.079545
-0.008400	0.000000
-0.008300	-0.238635
-0.008200	-0.318180
-0.008100	-0.159090
-0.008000	-0.397725
-0.007900	0.079545
-0.007800	-0.556815
-0.007700	-0.079545
-0.007600	-0.238635
-0.007500	-0.079545
-0.007400	0.159090
-0.007300	0.159090
-0.007200	0.238635
-0.007100	-0.318180
-0.007000	0.000000
-0.006900	-0.318180
-0.006800	-0.079545
-0.006700	0.000000
-0.006600	-0.079545
-0.006500	0.000000
-0.006400	-0.159090
-0.006300	-0.318180
-0.006200	0.079545
-0.006100	-0.079545
-0.006000	0.159090
-0.005900	0.079545
-0.005800	-0.159090
-0.005700	0.000000
-0.005600	0.000000
-0.005500	0.079545
-0.005400	0.159090
-0.005300	-0.318180
-0.005200	0.079545
-0.005100	0.238635
-0.005000	0.159090
-0.004900	-0.318180
-0.004800	0.397725
-0.004700	0.397725
-0.004600	0.159090
-0.004500	0.000000
-0.004400	0.000000
-0.004300	0.238635
-0.004200	0.079545
-0.004100	-0.238635
-0.004000	-0.318180
-0.003900	-0.159090
-0.003800	-0.318180
-0.003700	-0.397725
-0.003600	0.159090
-0.003500	0.000000
-0.003400	-0.397725
-0.003300	0.000000
-0.003200	-0.159090
-0.003100	-0.159090
-0.003000	-0.318180
-0.002900	0.159090
-0.002800	0.000000
-0.002700	-0.159090
-0.002600	0.159090
-0.002500	0.000000
-0.002400	-0.159090
-0.002300	-0.397725
-0.002200	-0.159090
-0.002100	0.159090
-0.002000	0.238635
-0.001900	0.159090
-0.001800	0.000000
-0.001700	-0.079545
-0.001600	0.238635
-0.001500	0.079545
-0.001400	-0.159090
-0.001300	0.000000
-0.001200	0.000000
-0.001100	-0.079545
-0.001000	0.079545
-0.000900	0.159090
-0.000800	-0.556815
-0.000700	0.000000
-0.000600	-0.556815
-0.000500	-0.238635
-0.000400	-0.397725
-0.000300	-0.318180
-0.000200	-0.159090
-0.000100	0.238635
0.000000	0.318180
0.000100	-0.238635
0.000200	0.000000
0.000300	0.636360
0.000400	0.000000
0.000500	-0.079545
0.000600	-0.159090
0.000700	0.000000
0.000800	0.159090
0.000900	0.159090
0.001000	-0.238635
0.001100	0.000000
0.001200	0.238635
0.001300	0.079545
0.001400	-0.159090
0.001500	0.318180
0.001600	0.000000
0.001700	-0.079545
0.001800	-0.397725
0.001900	-0.159090
0.002000	-0.159090
0.002100	0.238635
0.002200	0.000000
0.002300	0.000000
0.002400	0.238635
0.002500	-0.397725
0.002600	-0.318180
0.002700	-0.318180
0.002800	-0.159090
0.002900	0.000000
0.003000	-0.079545
0.003100	-0.397725
0.003200	0.079545
0.003300	0.318180
0.003400	0.397725
0.003500	0.318180
0.003600	-0.079545
0.003700	-0.318180
0.003800	-0.159090
0.003900	-0.079545
0.004000	-0.318180
0.004100	-0.318180
0.004200	-0.159090
0.004300	-0.238635
0.004400	-0.159090
0.004500	0.000000
0.004600	0.397725
0.004700	0.318180
0.004800	0.000000
0.004900	-0.159090
0.005000	0.000000
0.005100	-0.397725
0.005200	-0.477270
0.005300	-0.636360
0.005400	-0.636360
0.005500	-0.556815
0.005600	-0.874995
0.005700	-0.874995
0.005800	-0.715905
0.005900	-0.715905
0.006000	-0.874995
0.006100	-0.477270
0.006200	-0.318180
0.006300	-0.477270
0.006400	-0.397725
0.006500	-0.318180
0.006600	-0.477270
0.006700	-0.079545
0.006800	-0.636360
0.006900	-1.193170
0.007000	-0.874995
0.007100	-1.590900
0.007200	-2.306800
0.007300	-2.624980
0.007400	-3.181800
0.007500	-2.624980
0.007600	-2.227260
0.007700	-1.749990
0.007800	-1.431810
0.007900	-1.034080
0.008000	-0.954540
0.008100	-1.590900
0.008200	-1.670440
0.008300	-2.545440
0.008400	-3.181800
0.008500	-3.897700
0.008600	-4.534060
0.008700	-4.772700
0.008800	-4.931790
0.008900	-5.249970
0.009000	-5.965870
0.009100	-6.602230
0.009200	-6.522690
0.009300	-7.238590
0.009400	-8.670400
0.009500	-9.147670
0.009600	-9.863580
0.009700	-10.499900
0.009800	-10.181800
0.009900	-9.068130
0.010000	-7.954500
0.010100	-7.874950
0.010200	-7.874950
0.010300	-7.874950
0.010400	-8.113590
0.010500	-7.636320
0.010600	-6.602230
0.010700	-4.693150
0.010800	-2.863620
0.010900	-1.749990
0.011000	-1.829530
0.011100	-5.090880
0.011200	-8.352220
0.011300	-7.318140
0.011400	-5.647690
0.011500	-8.034040
0.011600	-8.909040
0.011700	-0.874995
0.011800	6.761320
0.011900	4.931790
0.012000	-2.147710
0.012100	-8.193130
0.012200	-13.284000
0.012300	-19.329399
0.012400	-19.647600
0.012500	-12.965800
0.012600	-5.488600
0.012700	-3.897700
0.012800	-8.113590
0.012900	-10.261300
0.013000	-8.431770
0.013100	-13.840800
0.013200	-23.386200
0.013300	-15.511300
0.013400	5.170420
0.013500	12.488600
0.013600	9.704490
0.013700	6.761320
0.013800	-5.011330
0.013900	-16.068100
0.014000	-13.840800
0.014100	-16.624901
0.014200	-34.204300
0.014300	-40.408901
0.014400	-21.318100
0.014500	2.068170
0.014600	6.204510
0.014700	-12.090800
0.014800	-32.852100
0.014900	-26.647600
0.015000	-3.659070
0.015100	4.374970
0.015200	2.068170
0.015300	-6.920410
0.015400	-31.738501
0.015500	-57.908798
0.015600	-54.329201
0.015700	-23.147600
0.015800	-5.965870
0.015900	-5.409060
0.016000	-0.397725
0.016100	0.079545
0.016200	-8.431770
0.016300	-16.545401
0.016400	-36.988400
0.016500	-53.215599
0.016600	-24.102100
0.016700	0.079545
0.016800	-45.340599
0.016900	-95.772202
0.017000	-74.215500
0.017100	-11.215800
0.017200	16.943100
0.017300	-8.272680
0.017400	-26.488501
0.017500	5.647690
0.017600	18.136299
0.017700	-33.886200
0.017800	-68.170097
0.017900	-58.226898
0.018000	-44.704300
0.018100	-33.647499
0.018200	-47.090599
0.018300	-65.067802
0.018400	-30.147600
0.018500	12.249900
0.018600	-5.727240
0.018700	-38.102100
0.018800	-45.022499
0.018900	-39.136101
0.019000	-21.954399
0.019100	-5.170420
0.019200	-18.613501
0.019300	-61.170101
0.019400	-73.419998
0.019500	-29.908899
0.019600	12.806700
0.019700	-7.715860
0.019800	-51.704201
0.019900	-48.045200
0.020000	-1.034080
0.020100	12.806700
0.020200	-39.056599
0.020300	-71.590500
0.020400	-34.283901
0.020500	3.977250
0.020600	-14.636300
0.020700	-51.624699
0.020800	-54.329201
0.020900	-28.318001
0.021000	-8.272680
0.021100	-0.954540
0.021200	1.829530
0.021300	-8.590860
0.021400	-23.068001
0.021500	-15.431700
0.021600	-13.363600
0.021700	-55.522400
0.021800	-82.010902
0.021900	-37.068001
0.022000	5.011330
0.022100	5.329510
0.022200	11.534000
0.022300	9.943120
0.022400	-31.738501
0.022500	-65.783699
0.022600	-50.749699
0.022700	-15.829500
0.022800	-8.272680
0.022900	-35.636200
0.023000	-54.567902
0.023100	-38.738400
0.023200	-19.409000
0.023300	-17.420401
0.023400	-19.965799
0.023500	-12.170400
0.023600	8.909040
0.023700	23.784000
0.023800	3.659070
0.023900	-42.238400
0.024000	-66.579201
0.024100	-58.067799
0.024200	-27.920300
0.024300	-0.715905
0.024400	-6.124960
0.024500	-18.215799
0.024600	1.749990
0.024700	15.113500
0.024800	-10.499900
0.024900	-29.908899
0.025000	-31.738501
0.025100	-41.363400
0.025200	-52.658798
0.025300	-58.067799
0.025400	-48.920200
0.025500	-21.477100
0.025600	-13.204500
0.025700	-28.556700
0.025800	-24.738501
0.025900	-18.136299
0.026000	-41.363400
0.026100	-57.272400
0.026200	-50.431499
0.026300	-35.874802
0.026400	-16.704399
0.026500	-17.579399
0.026600	-47.965599
0.026700	-62.045101
0.026800	-46.533798
0.026900	-35.954300
0.027000	-38.340698
0.027100	-32.533901
0.027200	-24.102100
0.027300	-17.579399
0.027400	-11.852200
0.027500	-17.420401
0.027600	-28.954399
0.027700	-35.556599
0.027800	-39.454300
0.027900	-45.658798
0.028000	-48.522400
0.028100	-38.818001
0.028200	-23.306700
0.028300	-15.590800
0.028400	-16.943100
0.028500	-27.124800
0.028600	-48.124699
0.028700	-64.590500
0.028800	-52.340599
0.028900	-19.568100
0.029000	-2.068170
0.029100	-7.159050
0.029200	-12.090800
0.029300	-14.715800
0.029400	-22.988501
0.029500	-28.715700
0.029600	-25.295300
0.029700	-31.818001
0.029800	-39.772499
0.029900	-23.306700
0.030000	-7.795410
0.030100	-23.147600
0.030200	-39.613400
0.030300	-34.363400
0.030400	-26.647600
0.030500	-27.283899
0.030600	-30.306601
0.030700	-33.488400
0.030800	-37.863400
0.030900	-37.306599
0.031000	-28.158899
0.031100	-18.931700
0.031200	-17.897600
0.031300	-29.113501
0.031400	-43.988400
0.031500	-43.192902
0.031600	-23.624901
0.031700	-6.284050
0.031800	-8.749950
0.031900	-29.829399
0.032000	-47.567902
0.032100	-47.886101
0.032200	-39.295200
0.032300	-31.818001
0.032400	-24.818001
0.032500	-21.954399
0.032600	-27.920300
0.032700	-35.874802
0.032800	-41.840698
0.032900	-45.102001
0.033000	-45.022499
0.033100	-39.295200
0.033200	-28.238501
0.033300	-15.352200
0.033400	-15.590800
0.033500	-31.897499
0.033600	-40.727001
0.033700	-33.090698
0.033800	-28.079399
0.033900	-33.886200
0.034000	-45.658798
0.034100	-52.102001
0.034200	-45.658798
0.034300	-34.204300
0.034400	-26.647600
0.034500	-21.079399
0.034600	-20.681700
0.034700	-31.738501
0.034800	-45.420200
0.034900	-47.011101
0.035000	-37.465698
0.035100	-22.352100
0.035200	-12.090800
0.035300	-19.727200
0.035400	-38.499802
0.035500	-46.613400
0.035600	-36.749802
0.035700	-23.704399
0.035800	-25.295300
0.035900	-35.874802
0.036000	-42.636101
0.036100	-42.874802
0.036200	-37.147499
0.036300	-29.670300
0.036400	-32.215698
0.036500	-44.067902
0.036600	-53.772400
0.036700	-49.795200
0.036800	-30.147600
0.036900	-14.397600
0.037000	-14.318100
0.037100	-24.261200
0.037200	-31.977100
0.037300	-34.999802
0.037400	-40.806599
0.037500	-51.227001
0.037600	-59.022400
0.037700	-55.761002
0.037800	-38.897499
0.037900	-22.670300
0.038000	-29.113501
0.038100	-54.170101
0.038200	-65.863297
0.038300	-50.908798
0.038400	-29.829399
0.038500	-24.181700
0.038600	-27.363501
0.038700	-32.931599
0.038800	-42.556599
0.038900	-52.579201
0.039000	-49.477001
0.039100	-36.908901
0.039200	-30.863501
0.039300	-38.738400
0.039400	-50.908798
0.039500	-54.965599
0.039600	-45.738400
0.039700	-30.386200
0.039800	-18.374901
0.039900	-13.602200
0.040000	-12.647700
0.040100	-16.227200
0.040200	-24.658899
0.040300	-34.602100
0.040400	-42.556599
0.040500	-41.124802
0.040600	-38.420200
0.040700	-46.374699
0.040800	-62.045101
0.040900	-70.397301
0.041000	-60.772400
0.041100	-39.772499
0.041200	-27.204399
0.041300	-35.795200
0.041400	-46.692902
0.041500	-49.238400
0.041600	-54.965599
0.041700	-55.522400
0.041800	-41.442902
0.041900	-27.681700
0.042000	-30.943001
0.042100	-46.613400
0.042200	-48.442902
0.042300	-34.602100
0.042400	-26.568001
0.042500	-31.977100
0.042600	-36.988400
0.042700	-32.215698
0.042800	-25.136200
0.042900	-25.374901
0.043000	-35.477100
0.043100	-39.693001
0.043200	-31.818001
0.043300	-30.386200
0.043400	-42.238400
0.043500	-45.261101
0.043600	-34.363400
0.043700	-27.124800
0.043800	-33.727100
0.043900	-43.988400
0.044000	-47.965599
0.044100	-46.454300
0.044200	-46.613400
0.044300	-49.477001
0.044400	-48.522400
0.044500	-44.386101
0.044600	-40.408901
0.044700	-39.215698
0.044800	-39.693001
0.044900	-33.090698
0.045000	-20.840799
0.045100	-22.749901
0.045200	-37.147499
0.045300	-38.658901
0.045400	-30.704399
0.045500	-34.124802
0.045600	-46.374699
0.045700	-53.295101
0.045800	-51.386101
0.045900	-44.067902
0.046000	-34.602100
0.046100	-26.488501
0.046200	-22.113501
0.046300	-23.624901
0.046400	-31.022499
0.046500	-37.783901
0.046600	-40.488400
0.046700	-39.295200
0.046800	-39.136101
0.046900	-39.613400
0.047000	-32.693001
0.047100	-21.238501
0.047200	-18.613501
0.047300	-24.818001
0.047400	-26.647600
0.047500	-23.465799
0.047600	-25.374901
0.047700	-31.658899
0.047800	-34.681599
0.047900	-30.068001
0.048000	-19.329399
0.048100	-12.090800
0.048200	-21.477100
0.048300	-44.863400
0.048400	-60.692799
0.048500	-53.374699
0.048600	-35.318001
0.048700	-23.545300
0.048800	-26.408899
0.048900	-40.249802
0.049000	-55.363300
0.049100	-64.272400
0.049200	-66.022301
0.049300	-55.681499
0.049400	-35.636200
0.049500	-24.261200
0.049600	-29.670300
0.049700	-42.317902
0.049800	-51.306499
0.049900	-53.931499
0.050000	-50.511101
0.050100	-39.693001
0.050200	-23.068001
0.050300	-12.727200
0.050400	-21.477100
0.050500	-39.295200
0.050600	-41.045200
0.050700	-19.170300
0.050800	1.988620
0.050900	4.613610
0.051000	-10.261300
0.051100	-29.272600
0.051200	-37.227100
0.051300	-30.227100
0.051400	-21.159000
0.051500	-22.272600
0.051600	-29.431601
0.051700	-35.158901
0.051800	-35.318001
0.051900	-27.363501
0.052000	-16.386299
0.052100	-15.431700
0.052200	-27.602100
0.052300	-37.783901
0.052400	-34.522499
0.052500	-30.465700
0.052600	-36.033901
0.052700	-42.238400
0.052800	-38.499802
0.052900	-31.022499
0.053000	-31.420300
0.053100	-35.556599
0.053200	-33.488400
0.053300	-25.931700
0.053400	-16.863501
0.053500	-13.602200
0.053600	-22.670300
0.053700	-33.568001
0.053800	-35.158901
0.053900	-32.136200
0.054000	-28.954399
0.054100	-24.340799
0.054200	-21.556700
0.054300	-24.499901
0.054400	-32.136200
0.054500	-38.579300
0.054600	-37.863400
0.054700	-31.420300
0.054800	-30.306601
0.054900	-34.204300
0.055000	-35.954300
0.055100	-36.829300
0.055200	-39.056599
0.055300	-39.374802
0.055400	-35.795200
0.055500	-30.783899
0.055600	-30.227100
0.055700	-36.670200
0.055800	-43.272499
0.055900	-42.795200
0.056000	-37.545200
0.056100	-30.306601
0.056200	-27.363501
0.056300	-29.272600
0.056400	-32.136200
0.056500	-33.647499
0.056600	-32.136200
0.056700	-28.874800
0.056800	-28.238501
0.056900	-31.818001
0.057000	-37.863400
0.057100	-41.920200
0.057200	-40.408901
0.057300	-34.204300
0.057400	-23.943001
0.057500	-19.647600
0.057600	-24.420300
0.057700	-28.079399
0.057800	-29.272600
0.057900	-32.772499
0.058000	-34.920300
0.058100	-31.977100
0.058200	-31.499800
0.058300	-34.522499
0.058400	-37.863400
0.058500	-37.386101
0.058600	-31.340700
0.058700	-24.499901
0.058800	-22.590799
0.058900	-19.886200
0.059000	-15.988500
0.059100	-18.693100
0.059200	-28.636200
0.059300	-37.704300
0.059400	-40.170200
0.059500	-31.022499
0.059600	-19.647600
0.059700	-19.488501
0.059800	-22.988501
0.059900	-23.386200
0.060000	-26.727100
0.060100	-28.238501
0.060200	-23.545300
0.060300	-21.874901
0.060400	-25.533899
0.060500	-30.386200
0.060600	-40.249802
0.060700	-48.045200
0.060800	-43.511101
0.060900	-28.715700
0.061000	-14.318100
0.061100	-0.715905
0.061200	6.363600
0.061300	-0.954540
0.061400	-14.636300
0.061500	-23.068001
0.061600	-25.772600
0.061700	-32.056599
0.061800	-40.249802
0.061900	-42.317902
0.062000	-30.863501
0.062100	-21.079399
0.062200	-26.806700
0.062300	-31.340700
0.062400	-20.045300
0.062500	0.477270
0.062600	6.363600
0.062700	-3.738610
0.062800	-9.068130
0.062900	-10.818100
0.063000	-24.499901
0.063100	-39.374802
0.063200	-40.886101
0.063300	-29.590700
0.063400	-12.647700
0.063500	-3.738610
0.063600	-6.840870
0.063700	-15.431700
0.063800	-21.874901
0.063900	-16.386299
0.064000	-0.636360
0.064100	0.636360
0.064200	-26.329399
0.064300	-53.295101
0.064400	-49.954300
0.064500	-26.647600
0.064600	-7.397680
0.064700	-3.659070
0.064800	-11.056800
0.064900	-20.204399
0.065000	-21.556700
0.065100	-17.181700
0.065200	-13.363600
0.065300	-13.840800
0.065400	-19.170300
0.065500	-23.306700
0.065600	-24.738501
0.065700	-26.329399
0.065800	-27.124800
0.065900	-24.181700
0.066000	-15.670400
0.066100	-10.499900
0.066200	-19.329399
0.066300	-33.727100
0.066400	-33.727100
0.066500	-17.897600
0.066600	-2.943160
0.066700	-7.477230
0.066800	-29.272600
0.066900	-42.874802
0.067000	-34.681599
0.067100	-21.238501
0.067200	-19.011299
0.067300	-21.238501
0.067400	-18.534000
0.067500	-16.147600
0.067600	-17.738501
0.067700	-15.988500
0.067800	-8.272680
0.067900	-5.090880
0.068000	-12.647700
0.068100	-20.681700
0.068200	-23.147600
0.068300	-22.670300
0.068400	-24.420300
0.068500	-29.113501
0.068600	-26.568001
0.068700	-14.159000
0.068800	-2.386350
0.068900	0.079545
0.069000	-5.090880
0.069100	-15.034000
0.069200	-26.886200
0.069300	-32.295300
0.069400	-25.056700
0.069500	-10.659000
0.069600	-0.397725
0.069700	-5.806780
0.069800	-21.715799
0.069900	-31.181601
0.070000	-24.738501
0.070100	-11.215800
0.070200	-5.249970
0.070300	-7.636320
0.070400	-6.681780
0.070500	-3.261340
0.070600	-6.920410
0.070700	-16.465799
0.070800	-18.613501
0.070900	-13.443100
0.071000	-9.863580
0.071100	-13.204500
0.071200	-17.261299
0.071300	-14.795400
0.071400	-6.681780
0.071500	1.193170
0.071600	4.454520
0.071700	0.159090
0.071800	-10.102200
0.071900	-18.534000
0.072000	-19.090799
0.072100	-15.034000
0.072200	-11.454500
0.072300	-13.284000
0.072400	-18.295300
0.072500	-20.284000
0.072600	-12.886300
0.072700	-2.863620
0.072800	0.159090
0.072900	-2.545440
0.073000	-5.249970
0.073100	-4.693150
0.073200	-5.488600
0.073300	-6.522690
0.073400	-7.079500
0.073500	-10.977200
0.073600	-17.579399
0.073700	-19.806700
0.073800	-16.227200
0.073900	-8.829490
0.074000	-1.113630
0.074100	3.977250
0.074200	3.261340
0.074300	-5.249970
0.074400	-17.579399
0.074500	-23.068001
0.074600	-21.079399
0.074700	-18.454399
0.074800	-15.193100
0.074900	-11.852200
0.075000	-11.295400
0.075100	-13.204500
0.075200	-12.409000
0.075300	-8.113590
0.075400	-4.931790
0.075500	-8.511310
0.075600	-13.920400
0.075700	-14.318100
0.075800	-11.374900
0.075900	-10.022700
0.076000	-9.147670
0.076100	-6.443140
0.076200	-5.647690
0.076300	-4.931790
0.076400	-4.056790
0.076500	-7.636320
0.076600	-10.340800
0.076700	-7.079500
0.076800	-4.852240
0.076900	-7.954500
0.077000	-12.806700
0.077100	-11.295400
0.077200	-5.806780
0.077300	-5.409060
0.077400	-10.340800
0.077500	-11.295400
0.077600	-6.761320
0.077700	-3.659070
0.077800	-3.977250
0.077900	-8.829490
0.078000	-12.806700
0.078100	-12.329500
0.078200	-9.386310
0.078300	-6.920410
0.078400	-4.374970
0.078500	-5.886330
0.078600	-10.420400
0.078700	-13.443100
0.078800	-15.034000
0.078900	-14.715800
0.079000	-10.897700
0.079100	-5.409060
0.079200	-1.034080
0.079300	0.954540
0.079400	-0.556815
0.079500	-7.397680
0.079600	-15.988500
0.079700	-18.374901
0.079800	-11.693100
0.079900	-5.249970
0.080000	-5.409060
0.080100	-9.784030
0.080200	-10.977200
0.080300	-7.397680
0.080400	-4.454520
0.080500	-3.261340
0.080600	-0.556815
0.080700	-0.318180
0.080800	-3.579520
0.080900	-3.818160
0.081000	-6.522690
0.081100	-13.045400
0.081200	-13.363600
0.081300	-5.806780
0.081400	1.988620
0.081500	1.670440
0.081600	-6.363600
0.081700	-11.772700
0.081800	-8.909040
0.081900	-3.977250
0.082000	-1.590900
0.082100	-1.909080
0.082200	-2.943160
0.082300	-2.306800
0.082400	-1.749990
0.082500	-2.386350
0.082600	-2.784070
0.082700	-2.784070
0.082800	-3.659070
0.082900	-6.363600
0.083000	-7.318140
0.083100	-5.568150
0.083200	-3.818160
0.083300	-2.306800
0.083400	-0.079545
0.083500	0.874995
0.083600	-1.511350
0.083700	-4.931790
0.083800	-6.124960
0.083900	-2.863620
0.084000	1.749990
0.084100	1.511350
0.084200	1.511350
0.084300	4.772700
0.084400	6.920410
0.084500	3.738610
0.084600	-2.386350
0.084700	-6.124960
0.084800	-5.886330
0.084900	-2.545440
0.085000	1.272720
0.085100	2.386350
0.085200	1.193170
0.085300	-1.034080
0.085400	-0.715905
0.085500	2.545440
0.085600	5.011330
0.085700	4.534060
0.085800	1.431810
0.085900	-0.159090
0.086000	1.272720
0.086100	3.579520
0.086200	2.068170
0.086300	-1.590900
0.086400	-4.056790
0.086500	-5.170420
0.086600	-3.897700
0.086700	0.477270
0.086800	4.136340
0.086900	6.204510
0.087000	5.170420
0.087100	1.431810
0.087200	-3.022710
0.087300	-6.840870
0.087400	-8.272680
0.087500	-4.534060
0.087600	-0.318180
0.087700	0.795450
0.087800	1.909080
0.087900	5.965870
0.088000	5.488600
0.088100	1.988620
0.088200	1.590900
0.088300	0.079545
0.088400	-2.386350
0.088500	-3.261340
0.088600	-2.386350
0.088700	-0.477270
0.088800	-0.079545
0.088900	1.113630
0.089000	4.215880
0.089100	6.681780
0.089200	5.965870
0.089300	2.624980
0.089400	-0.954540
0.089500	-2.465890
0.089600	-0.715905
0.089700	1.034080
0.089800	-0.079545
0.089900	-2.386350
0.090000	-1.431810
0.090100	1.670440
0.090200	4.136340
0.090300	2.545440
0.090400	-0.477270
0.090500	-1.988620
0.090600	-1.670440
0.090700	-0.874995
0.090800	-0.795450
0.090900	-1.829530
0.091000	-1.272720
0.091100	3.102250
0.091200	8.272680
0.091300	8.749950
0.091400	5.806780
0.091500	3.181800
0.091600	1.511350
0.091700	1.272720
0.091800	0.874995
0.091900	-1.431810
0.092000	-4.931790
0.092100	-5.568150
0.092200	-2.863620
0.092300	2.386350
0.092400	7.318140
0.092500	7.238590
0.092600	4.534060
0.092700	1.670440
0.092800	0.079545
0.092900	1.193170
0.093000	3.579520
0.093100	2.545440
0.093200	-1.590900
0.093300	-3.261340
0.093400	-2.147710
0.093500	1.352260
0.093600	5.727240
0.093700	7.954500
0.093800	5.806780
0.093900	1.431810
0.094000	-1.590900
0.094100	-1.749990
0.094200	0.556815
0.094300	2.784070
0.094400	4.295430
0.094500	4.374970
0.094600	3.102250
0.094700	2.545440
0.094800	4.613610
0.094900	5.249970
0.095000	0.795450
0.095100	-4.454520
0.095200	-2.306800
0.095300	2.704530
0.095400	4.454520
0.095500	3.659070
0.095600	2.784070
0.095700	2.704530
0.095800	3.897700
0.095900	4.772700
0.096000	5.965870
0.096100	4.693150
0.096200	0.636360
0.096300	-1.034080
0.096400	-1.113630
0.096500	-1.511350
0.096600	-2.386350
0.096700	-1.431810
0.096800	1.829530
0.096900	3.897700
0.097000	2.306800
0.097100	-1.113630
0.097200	-1.590900
0.097300	-1.272720
0.097400	-0.159090
0.097500	-0.954540
0.097600	-3.579520
0.097700	-4.693150
0.097800	-2.306800
0.097900	1.272720
0.098000	5.090880
0.098100	5.886330
0.098200	2.386350
0.098300	-1.829530
0.098400	-3.659070
0.098500	-1.590900
0.098600	1.272720
0.098700	3.738610
0.098800	3.897700
0.098900	1.511350
0.099000	-3.181800
0.099100	-7.795410
0.099200	-8.272680
0.099300	-3.818160
0.099400	2.147710
0.099500	4.454520
0.099600	2.465890
0.099700	-0.874995
0.099800	-1.909080
0.099900	-0.159090
0.100000	2.306800
0.100100	3.738610
0.100200	2.784070
0.100300	-1.113630
0.100400	-6.363600
0.100500	-5.249970
0.100600	1.034080
0.100700	5.806780
0.100800	5.568150
0.100900	1.670440
0.101000	-3.022710
0.101100	-5.965870
0.101200	-4.852240
0.101300	-0.795450
0.101400	3.420430
0.101500	5.727240
0.101600	4.454520
0.101700	0.159090
0.101800	-4.374970
0.101900	-5.727240
0.102000	-1.749990
0.102100	3.102250
0.102200	3.181800
0.102300	-1.829530
0.102400	-6.204510
0.102500	-6.124960
0.102600	-3.897700
0.102700	-1.749990
0.102800	-2.068170
0.102900	-2.465890
0.103000	-2.863620
0.103100	-2.863620
0.103200	-2.386350
0.103300	-1.113630
0.103400	0.715905
0.103500	0.795450
0.103600	-3.102250
0.103700	-8.352220
0.103800	-10.818100
0.103900	-8.909040
0.104000	-4.136340
0.104100	-0.477270
0.104200	0.795450
0.104300	-0.556815
0.104400	-4.056790
0.104500	-6.522690
0.104600	-7.079500
0.104700	-5.568150
0.104800	-4.215880
0.104900	-3.738610
0.105000	-5.249970
0.105100	-7.159050
0.105200	-6.363600
0.105300	-3.738610
0.105400	-1.829530
0.105500	-2.624980
0.105600	-5.886330
0.105700	-9.147670
0.105800	-8.988580
0.105900	-6.840870
0.106000	-3.181800
0.106100	-0.477270
0.106200	0.874995
0.106300	-0.159090
0.106400	-1.272720
0.106500	-1.352260
0.106600	-0.556815
0.106700	0.636360
0.106800	1.749990
0.106900	2.784070
0.107000	1.352260
0.107100	-1.670440
0.107200	-4.056790
0.107300	-4.136340
0.107400	-3.579520
0.107500	-4.374970
0.107600	-5.488600
0.107700	-5.886330
0.107800	-4.772700
0.107900	-1.431810
0.108000	1.113630
0.108100	1.511350
0.108200	1.113630
0.108300	1.511350
0.108400	1.988620
0.108500	1.113630
0.108600	-0.079545
0.108700	-0.477270
0.108800	0.397725
0.108900	1.272720
0.109000	2.704530
0.109100	2.624980
0.109200	-1.034080
0.109300	-4.772700
0.109400	-5.329510
0.109500	-3.181800
0.109600	-0.636360
0.109700	1.511350
0.109800	1.431810
0.109900	0.159090
0.110000	-2.704530
0.110100	-2.306800
0.110200	1.431810
0.110300	6.443140
0.110400	7.795410
0.110500	4.931790
0.110600	-0.397725
0.110700	-4.454520
0.110800	-4.295430
0.110900	0.159090
0.111000	2.465890
0.111100	0.556815
0.111200	-4.295430
0.111300	-6.761320
0.111400	-5.170420
0.111500	-1.511350
0.111600	1.590900
0.111700	1.909080
0.111800	0.477270
0.111900	-1.511350
0.112000	-2.227260
0.112100	-1.590900
0.112200	-1.749990
0.112300	-2.068170
0.112400	-2.465890
0.112500	-2.545440
0.112600	-1.590900
0.112700	-1.352260
0.112800	-0.238635
0.112900	-0.636360
0.113000	-1.272720
0.113100	-2.227260
0.113200	-2.784070
0.113300	-2.227260
0.113400	-1.431810
0.113500	-0.397725
0.113600	0.715905
0.113700	0.954540
0.113800	0.477270
0.113900	0.000000
0.114000	0.318180
0.114100	-1.590900
0.114200	-3.181800
0.114300	-3.102250
0.114400	-1.113630
0.114500	-0.874995
0.114600	-0.795450
0.114700	-1.034080
0.114800	-1.590900
0.114900	-1.113630
0.115000	-0.397725
0.115100	0.636360
0.115200	-1.034080
0.115300	-3.897700
0.115400	-4.931790
0.115500	-2.704530
0.115600	-0.397725
0.115700	-1.113630
0.115800	-2.147710
0.115900	-1.590900
0.116000	0.318180
0.116100	1.034080
0.116200	0.397725
0.116300	-2.306800
0.116400	-4.454520
0.116500	-2.306800
0.116600	3.181800
0.116700	5.965870
0.116800	5.090880
0.116900	1.749990
0.117000	-1.431810
0.117100	-2.624980
0.117200	-2.147710
0.117300	-0.954540
0.117400	-0.954540
0.117500	-1.511350
0.117600	-1.431810
0.117700	0.238635
0.117800	1.590900
0.117900	0.795450
0.118000	-0.159090
0.118100	-0.238635
0.118200	0.477270
0.118300	0.000000
0.118400	-0.954540
0.118500	-1.272720
0.118600	0.636360
0.118700	2.704530
0.118800	1.431810
0.118900	0.318180
0.119000	-0.397725
0.119100	0.238635
0.119200	1.590900
0.119300	2.227260
0.119400	1.829530
0.119500	0.795450
0.119600	0.954540
0.119700	1.988620
0.119800	2.704530
0.119900	2.386350
0.120000	0.795450
0.120100	-0.397725
0.120200	0.477270
0.120300	1.749990
0.120400	2.068170
0.120500	1.272720
0.120600	1.511350
0.120700	2.545440
0.120800	3.261340
0.120900	2.386350
0.121000	0.477270
0.121100	-0.636360
0.121200	0.159090
0.121300	2.784070
0.121400	2.863620
0.121500	1.193170
0.121600	-0.477270
0.121700	0.636360
0.121800	1.272720
0.121900	1.193170
0.122000	1.749990
0.122100	2.306800
0.122200	3.181800
0.122300	2.704530
0.122400	1.113630
0.122500	0.079545
0.122600	0.000000
0.122700	1.272720
0.122800	2.545440
0.122900	0.795450
0.123000	-1.829530
0.123100	-2.068170
0.123200	0.318180
0.123300	2.863620
0.123400	4.454520
0.123500	3.499980
0.123600	2.704530
0.123700	2.624980
0.123800	2.704530
0.123900	1.749990
0.124000	-0.159090
0.124100	-1.590900
0.124200	-0.636360
0.124300	0.477270
0.124400	0.159090
0.124500	-0.397725
0.124600	-1.034080
0.124700	-0.556815
0.124800	0.238635
0.124900	1.034080
0.125000	1.749990
0.125100	1.988620
0.125200	1.431810
0.125300	1.511350
0.125400	0.715905
0.125500	-0.477270
0.125600	-1.909080
0.125700	-2.068170
0.125800	-0.715905
0.125900	0.795450
0.126000	0.954540
0.126100	0.159090
0.126200	0.397725
0.126300	1.670440
0.126400	2.068170
0.126500	0.318180
0.126600	-1.431810
0.126700	-2.068170
0.126800	-1.829530
0.126900	-0.397725
0.127000	0.636360
0.127100	1.749990
0.127200	1.749990
0.127300	1.113630
0.127400	-0.397725
0.127500	-1.272720
0.127600	-1.670440
0.127700	-1.511350
0.127800	-0.477270
0.127900	0.477270
0.128000	0.159090
0.128100	-1.272720
0.128200	-2.465890
0.128300	-2.147710
0.128400	-1.670440
0.128500	-0.715905
0.128600	-0.636360
0.128700	-1.113630
0.128800	-1.590900
0.128900	-1.431810
0.129000	-0.477270
0.129100	0.238635
0.129200	0.556815
0.129300	-0.556815
0.129400	-1.352260
0.129500	-1.431810
0.129600	-1.113630
0.129700	-0.238635
0.129800	0.477270
0.129900	-0.159090
0.130000	-0.795450
0.130100	-0.238635
0.130200	0.238635
0.130300	-0.318180
0.130400	-0.318180
0.130500	-0.159090
0.130600	-0.159090
0.130700	-1.034080
0.130800	-1.431810
0.130900	-0.874995
0.131000	-0.715905
0.131100	-1.113630
0.131200	-1.352260
0.131300	-2.386350
0.131400	-2.784070
0.131500	-2.704530
0.131600	-1.670440
0.131700	0.079545
0.131800	0.556815
0.131900	-0.397725
0.132000	-1.909080
0.132100	-2.147710
0.132200	-0.397725
0.132300	-0.079545
0.132400	-0.079545
0.132500	0.000000
0.132600	0.000000
0.132700	-0.556815
0.132800	-1.988620
0.132900	-2.784070
0.133000	-3.181800
0.133100	-1.909080
0.133200	-1.431810
0.133300	-1.352260
0.133400	-0.874995
0.133500	-1.590900
0.133600	-1.511350
0.133700	-1.431810
0.133800	-0.715905
0.133900	-0.477270
0.134000	-0.556815
0.134100	-0.238635
0.134200	0.238635
0.134300	0.477270
0.134400	-0.874995
0.134500	-2.863620
0.134600	-3.022710
0.134700	-2.704530
0.134800	-1.909080
0.134900	-1.749990
0.135000	-0.954540
0.135100	0.318180
0.135200	0.318180
0.135300	-0.715905
0.135400	-1.272720
0.135500	-1.113630
0.135600	0.000000
0.135700	0.318180
0.135800	-0.079545
0.135900	-1.431810
0.136000	-2.545440
0.136100	-2.863620
0.136200	-3.659070
0.136300	-3.420430
0.136400	-3.022710
0.136500	-1.590900
0.136600	-0.238635
0.136700	0.636360
0.136800	0.477270
0.136900	0.795450
0.137000	1.352260
0.137100	0.795450
0.137200	0.159090
0.137300	-1.034080
0.137400	-1.511350
0.137500	-0.874995
0.137600	-0.954540
0.137700	-1.749990
0.137800	-2.306800
0.137900	-1.829530
0.138000	-1.431810
0.138100	-0.556815
0.138200	-0.238635
0.138300	0.000000
0.138400	0.477270
0.138500	0.874995
0.138600	1.193170
0.138700	1.272720
0.138800	1.909080
0.138900	1.431810
0.139000	0.238635
0.139100	-0.715905
0.139200	-1.590900
0.139300	-1.113630
0.139400	-1.193170
0.139500	-1.034080
0.139600	-0.795450
0.139700	-0.795450
0.139800	-0.556815
0.139900	-0.397725
0.140000	-0.238635
0.140100	-0.318180
0.140200	-0.477270
0.140300	-0.874995
0.140400	-1.272720
0.140500	0.000000
0.140600	1.193170
0.140700	0.874995
0.140800	0.159090
0.140900	-0.954540
0.141000	-1.352260
0.141100	-1.829530
0.141200	-1.352260
0.141300	-0.556815
0.141400	-0.636360
0.141500	-0.477270
0.141600	0.477270
0.141700	1.113630
0.141800	1.511350
0.141900	1.034080
0.142000	0.477270
0.142100	0.159090
0.142200	0.159090
0.142300	0.000000
0.142400	-0.397725
0.142500	-0.318180
0.142600	-0.159090
0.142700	0.318180
0.142800	0.477270
0.142900	0.556815
0.143000	0.954540
0.143100	1.034080
0.143200	0.477270
0.143300	-0.636360
0.143400	-1.193170
0.143500	-0.636360
0.143600	0.000000
0.143700	0.238635
0.143800	-0.715905
0.143900	-0.318180
0.144000	0.636360
0.144100	1.193170
0.144200	1.113630
0.144300	0.318180
0.144400	-0.556815
0.144500	-1.352260
0.144600	-1.829530
0.144700	-1.590900
0.144800	-0.318180
0.144900	0.954540
0.145000	1.511350
0.145100	0.954540
0.145200	0.874995
0.145300	0.477270
0.145400	0.636360
0.145500	0.477270
0.145600	1.034080
0.145700	1.113630
0.145800	0.954540
0.145900	0.397725
0.146000	-0.159090
0.146100	0.238635
0.146200	0.954540
0.146300	1.670440
0.146400	1.670440
0.146500	1.034080
0.146600	0.795450
0.146700	1.034080
0.146800	1.034080
0.146900	0.636360
0.147000	0.477270
0.147100	0.795450
0.147200	0.556815
0.147300	-0.159090
0.147400	-0.954540
0.147500	-0.238635
0.147600	1.431810
0.147700	2.545440
0.147800	2.943160
0.147900	2.863620
0.148000	2.227260
0.148100	1.670440
0.148200	2.227260
0.148300	1.431810
0.148400	0.159090
0.148500	0.318180
0.148600	0.795450
0.148700	1.909080
0.148800	3.738610
0.148900	5.011330
0.149000	4.136340
0.149100	3.181800
0.149200	1.034080
0.149300	-1.352260
0.149400	-2.704530
0.149500	-2.386350
0.149600	-0.874995
0.149700	1.272720
0.149800	3.659070
0.149900	4.772700
0.150000	4.056790
0.150100	2.784070
0.150200	2.068170
0.150300	1.749990
0.150400	1.511350
0.150500	0.795450
0.150600	0.397725
0.150700	-0.477270
0.150800	-0.874995
0.150900	0.477270
0.151000	3.897700
0.151100	4.613610
0.151200	2.545440
0.151300	0.000000
0.151400	-0.477270
0.151500	0.000000
0.151600	0.954540
0.151700	2.465890
0.151800	2.784070
0.151900	2.545440
0.152000	2.704530
0.152100	3.977250
0.152200	4.374970
0.152300	3.579520
0.152400	1.193170
0.152500	-0.795450
0.152600	-1.749990
0.152700	-1.431810
0.152800	-0.954540
0.152900	1.272720
0.153000	2.943160
0.153100	3.579520
0.153200	4.136340
0.153300	4.693150
0.153400	4.056790
0.153500	3.340890
0.153600	2.068170
0.153700	0.477270
0.153800	-0.636360
0.153900	-1.272720
0.154000	-0.397725
0.154100	1.670440
0.154200	2.465890
0.154300	2.704530
0.154400	1.829530
0.154500	1.511350
0.154600	0.159090
0.154700	-0.954540
0.154800	-1.670440
0.154900	0.000000
0.155000	2.624980
0.155100	3.977250
0.155200	3.738610
0.155300	2.624980
0.155400	2.227260
0.155500	2.227260
0.155600	1.988620
0.155700	1.749990
0.155800	0.636360
0.155900	0.397725
0.156000	0.238635
0.156100	1.193170
0.156200	2.863620
0.156300	3.340890
0.156400	2.863620
0.156500	2.943160
0.156600	3.420430
0.156700	3.659070
0.156800	3.340890
0.156900	3.499980
0.157000	3.818160
0.157100	3.659070
0.157200	2.545440
0.157300	1.431810
0.157400	0.159090
0.157500	-0.079545
0.157600	0.159090
0.157700	0.636360
0.157800	1.113630
0.157900	2.465890
0.158000	3.420430
0.158100	3.818160
0.158200	3.579520
0.158300	3.181800
0.158400	2.784070
0.158500	1.909080
0.158600	0.795450
0.158700	0.954540
0.158800	1.670440
0.158900	2.227260
0.159000	3.022710
0.159100	3.102250
0.159200	2.386350
0.159300	0.795450
0.159400	0.238635
0.159500	0.795450
0.159600	2.068170
0.159700	3.579520
0.159800	4.295430
0.159900	4.136340
0.160000	3.022710
0.160100	2.068170
0.160200	0.715905
0.160300	0.795450
0.160400	1.352260
0.160500	1.590900
0.160600	1.909080
0.160700	1.352260
0.160800	0.954540
0.160900	0.636360
0.161000	1.272720
0.161100	1.272720
0.161200	1.749990
0.161300	1.034080
0.161400	0.795450
0.161500	1.272720
0.161600	1.749990
0.161700	2.227260
0.161800	3.022710
0.161900	3.818160
0.162000	4.454520
0.162100	4.852240
0.162200	4.215880
0.162300	3.499980
0.162400	2.465890
0.162500	0.397725
0.162600	-1.352260
0.162700	-1.511350
0.162800	-1.272720
0.162900	-0.636360
0.163000	1.590900
0.163100	3.659070
0.163200	5.727240
0.163300	5.249970
0.163400	4.215880
0.163500	3.340890
0.163600	3.022710
0.163700	2.784070
0.163800	2.624980
0.163900	2.227260
0.164000	2.068170
0.164100	1.113630
0.164200	0.238635
0.164300	-0.795450
0.164400	-1.113630
0.164500	-0.477270
0.164600	-0.159090
0.164700	-0.318180
0.164800	0.159090
0.164900	1.193170
0.165000	2.227260
0.165100	2.704530
0.165200	1.352260
0.165300	1.431810
0.165400	2.943160
0.165500	4.295430
0.165600	3.579520
0.165700	1.034080
0.165800	0.318180
0.165900	0.238635
0.166000	0.000000
0.166100	0.477270
0.166200	0.477270
0.166300	-1.113630
0.166400	-1.670440
0.166500	-0.477270
0.166600	1.272720
0.166700	2.863620
0.166800	3.659070
0.166900	3.818160
0.167000	3.738610
0.167100	3.420430
0.167200	3.022710
0.167300	2.227260
0.167400	1.431810
0.167500	-0.159090
0.167600	-1.352260
0.167700	-1.511350
0.167800	-0.954540
0.167900	-0.079545
0.168000	0.556815
0.168100	1.909080
0.168200	2.227260
0.168300	2.386350
0.168400	1.909080
0.168500	1.272720
0.168600	0.795450
0.168700	0.159090
0.168800	-0.397725
0.168900	-1.511350
0.169000	-1.511350
0.169100	-0.874995
0.169200	0.795450
0.169300	0.954540
0.169400	0.000000
0.169500	-0.556815
0.169600	0.397725
0.169700	1.113630
0.169800	1.511350
0.169900	0.477270
0.170000	0.477270
0.170100	0.477270
0.170200	0.715905
0.170300	1.670440
0.170400	2.624980
0.170500	2.465890
0.170600	2.306800
0.170700	2.545440
0.170800	1.034080
0.170900	0.556815
0.171000	0.000000
0.171100	0.556815
0.171200	0.636360
0.171300	0.954540
0.171400	1.511350
0.171500	0.636360
0.171600	0.238635
0.171700	0.318180
0.171800	0.318180
0.171900	0.477270
0.172000	0.715905
0.172100	1.988620
0.172200	2.545440
0.172300	2.068170
0.172400	1.272720
0.172500	0.477270
0.172600	0.397725
0.172700	0.318180
0.172800	0.159090
0.172900	-0.079545
0.173000	-0.318180
0.173100	1.431810
0.173200	2.306800
0.173300	2.784070
0.173400	1.909080
0.173500	1.431810
0.173600	1.193170
0.173700	0.954540
0.173800	0.636360
0.173900	0.318180
0.174000	0.477270
0.174100	0.238635
0.174200	1.193170
0.174300	1.590900
0.174400	1.352260
0.174500	1.034080
0.174600	0.715905
0.174700	0.874995
0.174800	0.636360
0.174900	0.477270
0.175000	0.477270
0.175100	0.715905
0.175200	1.113630
0.175300	0.954540
0.175400	1.670440
0.175500	1.829530
0.175600	1.829530
0.175700	1.909080
0.175800	1.909080
0.175900	1.431810
0.176000	0.954540
0.176100	1.431810
0.176200	1.352260
0.176300	1.511350
0.176400	0.636360
0.176500	0.397725
0.176600	0.477270
0.176700	1.113630
0.176800	1.431810
0.176900	1.670440
0.177000	1.431810
0.177100	0.397725
0.177200	0.079545
0.177300	0.477270
0.177400	1.034080
0.177500	0.795450
0.177600	1.590900
0.177700	1.431810
0.177800	1.352260
0.177900	0.477270
0.178000	0.477270
0.178100	0.477270
0.178200	1.034080
0.178300	1.113630
0.178400	0.874995
0.178500	0.715905
0.178600	1.431810
0.178700	1.590900
0.178800	1.431810
0.178900	1.113630
0.179000	0.636360
0.179100	0.000000
0.179200	-0.238635
0.179300	0.000000
0.179400	0.318180
0.179500	0.318180
0.179600	0.477270
0.179700	0.636360
0.179800	0.715905
0.179900	0.874995
0.180000	1.670440
0.180100	1.272720
0.180200	1.670440
0.180300	1.590900
0.180400	0.715905
0.180500	0.000000
0.180600	-0.715905
0.180700	0.000000
0.180800	0.715905
0.180900	1.113630
0.181000	1.193170
0.181100	1.511350
0.181200	0.556815
0.181300	0.874995
0.181400	1.272720
0.181500	0.318180
0.181600	0.238635
0.181700	0.477270
0.181800	0.636360
0.181900	0.795450
0.182000	1.113630
0.182100	0.397725
0.182200	0.238635
0.182300	0.477270
0.182400	0.954540
0.182500	0.636360
0.182600	0.477270
0.182700	-0.079545
0.182800	-0.159090
0.182900	0.318180
0.183000	1.193170
0.183100	1.590900
0.183200	1.352260
0.183300	1.352260
0.183400	1.431810
0.183500	0.715905
0.183600	0.874995
0.183700	0.477270
0.183800	0.556815
0.183900	1.034080
0.184000	1.352260
0.184100	0.954540
0.184200	1.113630
0.184300	0.556815
0.184400	0.954540
0.184500	1.272720
0.184600	1.113630
0.184700	0.318180
0.184800	-0.079545
0.184900	0.318180
0.185000	0.556815
0.185100	0.795450
0.185200	0.556815
0.185300	0.477270
0.185400	0.556815
0.185500	0.795450
0.185600	0.636360
0.185700	0.477270
0.185800	0.556815
0.185900	0.715905
0.186000	1.034080
0.186100	0.477270
0.186200	0.397725
0.186300	0.159090
0.186400	0.397725
0.186500	0.954540
0.186600	1.352260
0.186700	1.511350
0.186800	1.034080
0.186900	0.715905
0.187000	0.477270
0.187100	0.556815
0.187200	0.318180
0.187300	0.397725
0.187400	0.159090
0.187500	0.318180
0.187600	0.238635
0.187700	0.159090
0.187800	0.159090
0.187900	0.318180
0.188000	0.159090
0.188100	0.556815
0.188200	0.636360
0.188300	0.636360
0.188400	0.556815
0.188500	0.397725
0.188600	0.636360
0.188700	0.477270
0.188800	0.318180
0.188900	0.477270
0.189000	0.556815
0.189100	0.477270
0.189200	0.079545
0.189300	0.874995
0.189400	0.795450
0.189500	0.874995
0.189600	0.318180
0.189700	-0.318180
0.189800	-0.079545
0.189900	0.079545
0.190000	0.318180
0.190100	0.556815
0.190200	0.636360
0.190300	0.556815
0.190400	0.397725
0.190500	0.715905
0.190600	0.715905
0.190700	0.159090
0.190800	0.238635
0.190900	0.159090
0.191000	0.556815
0.191100	0.715905
0.191200	0.874995
0.191300	0.636360
0.191400	0.318180
0.191500	0.636360
0.191600	0.715905
0.191700	0.715905
0.191800	0.477270
0.191900	0.636360
0.192000	0.477270
0.192100	0.954540
0.192200	0.795450
0.192300	0.795450
0.192400	0.477270
0.192500	0.636360
0.192600	0.636360
0.192700	0.715905
0.192800	0.477270
0.192900	0.000000
0.193000	0.477270
0.193100	0.954540
0.193200	1.272720
0.193300	0.715905
0.193400	0.556815
0.193500	0.954540
0.193600	0.795450
0.193700	0.954540
0.193800	0.318180
0.193900	0.079545
0.194000	-0.159090
0.194100	-0.159090
0.194200	0.397725
0.194300	-0.079545
0.194400	-0.874995
0.194500	-0.715905
0.194600	0.397725
0.194700	0.874995
0.194800	0.954540
0.194900	0.318180
0.195000	-0.159090
0.195100	-0.238635
0.195200	-0.159090
0.195300	0.079545
0.195400	0.000000
0.195500	-0.079545
0.195600	-0.238635
0.195700	0.159090
0.195800	0.477270
0.195900	0.636360
0.196000	0.159090
0.196100	-0.159090
0.196200	-0.238635
0.196300	-0.318180
0.196400	-0.079545
0.196500	0.079545
0.196600	0.477270
0.196700	0.477270
0.196800	-0.159090
0.196900	-0.556815
0.197000	-0.079545
0.197100	-0.159090
0.197200	-0.397725
0.197300	-0.079545
0.197400	-0.318180
0.197500	-0.318180
0.197600	-0.954540
0.197700	-0.954540
0.197800	0.636360
0.197900	1.272720
0.198000	0.556815
0.198100	0.000000
0.198200	-0.079545
0.198300	-0.159090
0.198400	0.079545
0.198500	-0.238635
0.198600	-1.113630
0.198700	-0.636360
0.198800	-0.636360
0.198900	-0.397725
0.199000	-0.556815
0.199100	-0.954540
0.199200	-1.034080
0.199300	-0.874995
0.199400	-0.159090
0.199500	-0.159090
0.199600	-0.636360
0.199700	-0.954540
0.199800	-0.477270
0.199900	-0.159090
0.200000	-0.874995
0.200100	-0.715905
0.200200	-0.477270
0.200300	-0.238635
0.200400	-0.715905
0.200500	-0.715905
0.200600	-1.272720
0.200700	-1.034080
0.200800	-1.034080
0.200900	-0.874995
0.201000	-1.113630
0.201100	-1.352260
0.201200	-1.431810
0.201300	-0.556815
0.201400	-0.238635
0.201500	0.159090
0.201600	0.159090
0.201700	-0.556815
0.201800	-0.477270
0.201900	-0.874995
0.202000	-0.477270
0.202100	-0.715905
0.202200	-0.795450
0.202300	-1.352260
0.202400	-1.511350
0.202500	-1.829530
0.202600	-0.874995
0.202700	-0.715905
0.202800	0.318180
0.202900	0.318180
0.203000	-0.159090
0.203100	-0.238635
0.203200	-0.715905
0.203300	-0.954540
0.203400	-0.954540
0.203500	-0.954540
0.203600	-1.113630
0.203700	-0.715905
0.203800	-0.874995
0.203900	0.159090
0.204000	-0.159090
0.204100	-0.159090
0.204200	-0.556815
0.204300	-0.238635
0.204400	-0.477270
0.204500	-0.874995
0.204600	-0.874995
0.204700	-0.954540
0.204800	-0.318180
0.204900	0.079545
0.205000	0.556815
0.205100	0.159090
0.205200	0.079545
0.205300	-0.159090
0.205400	0.000000
0.205500	0.318180
0.205600	0.238635
0.205700	0.000000
0.205800	0.318180
0.205900	0.159090
0.206000	0.000000
0.206100	0.159090
0.206200	0.000000
0.206300	-0.397725
0.206400	-0.079545
0.206500	0.238635
0.206600	0.397725
0.206700	0.556815
0.206800	0.159090
0.206900	0.000000
0.207000	0.000000
0.207100	0.000000
0.207200	-0.636360
0.207300	-0.318180
0.207400	0.079545
0.207500	0.477270
0.207600	0.954540
0.207700	1.034080
0.207800	0.318180
0.207900	0.159090
0.208000	0.000000
0.208100	0.159090
0.208200	-0.079545
0.208300	-0.159090
0.208400	0.000000
0.208500	-0.477270
0.208600	-0.238635
0.208700	-0.715905
0.208800	-0.556815
0.208900	-0.318180
0.209000	-0.079545
0.209100	0.874995
0.209200	1.034080
0.209300	0.477270
0.209400	0.159090
0.209500	-0.397725
0.209600	-0.795450
0.209700	-0.636360
0.209800	-0.159090
0.209900	0.318180
0.210000	0.874995
0.210100	0.795450
0.210200	0.636360
0.210300	-0.079545
0.210400	-0.159090
0.210500	0.397725
0.210600	0.318180
0.210700	0.079545
0.210800	-0.238635
0.210900	-0.954540
0.211000	-0.954540
0.211100	-0.477270
0.211200	0.000000
0.211300	0.477270
0.211400	0.477270
0.211500	0.636360
0.211600	0.238635
0.211700	-0.079545
0.211800	-0.079545
0.211900	-0.397725
0.212000	-0.636360
0.212100	-0.795450
0.212200	-0.159090
0.212300	0.318180
0.212400	0.079545
0.212500	-0.636360
0.212600	-0.397725
0.212700	0.159090
0.212800	0.556815
0.212900	0.715905
0.213000	0.477270
0.213100	-0.397725
0.213200	-0.795450
0.213300	-0.318180
0.213400	-0.318180
0.213500	-0.477270
0.213600	0.159090
0.213700	-0.079545
0.213800	0.159090
0.213900	-0.079545
0.214000	0.000000
0.214100	0.159090
0.214200	0.159090
0.214300	-0.079545
0.214400	0.000000
0.214500	-0.795450
0.214600	-0.954540
0.214700	-1.352260
0.214800	-0.477270
0.214900	0.397725
0.215000	0.238635
0.215100	0.000000
0.215200	-0.079545
0.215300	0.159090
0.215400	0.636360
0.215500	0.715905
0.215600	0.477270
0.215700	0.318180
0.215800	0.477270
0.215900	-0.159090
0.216000	-0.874995
0.216100	-0.318180
0.216200	0.000000
0.216300	-0.159090
0.216400	-0.397725
0.216500	0.397725
0.216600	0.477270
0.216700	0.159090
0.216800	0.000000
0.216900	0.238635
0.217000	0.477270
0.217100	0.397725
0.217200	-0.079545
0.217300	-0.238635
0.217400	0.159090
0.217500	0.874995
0.217600	0.795450
0.217700	0.477270
0.217800	0.079545
0.217900	0.000000
0.218000	0.238635
0.218100	0.318180
0.218200	0.477270
0.218300	0.318180
0.218400	0.556815
0.218500	0.079545
0.218600	0.318180
0.218700	0.397725
0.218800	0.397725
0.218900	0.318180
0.219000	0.874995
0.219100	0.795450
0.219200	-0.159090
0.219300	-0.318180
0.219400	0.000000
0.219500	1.113630
0.219600	1.670440
0.219700	1.272720
0.219800	1.113630
0.219900	2.147710
0.220000	1.431810
0.220100	0.238635
0.220200	0.079545
0.220300	0.159090
0.220400	0.795450
0.220500	0.715905
0.220600	0.397725
0.220700	0.159090
0.220800	0.318180
0.220900	0.397725
0.221000	0.954540
0.221100	0.477270
0.221200	0.636360
0.221300	1.352260
0.221400	1.670440
0.221500	1.272720
0.221600	0.795450
0.221700	0.715905
0.221800	0.715905
0.221900	0.477270
0.222000	1.113630
0.222100	1.670440
0.222200	1.193170
0.222300	0.954540
0.222400	0.477270
0.222500	0.477270
0.222600	1.034080
0.222700	1.113630
0.222800	1.034080
0.222900	0.874995
0.223000	0.477270
0.223100	0.556815
0.223200	1.034080
0.223300	1.113630
0.223400	1.113630
0.223500	0.954540
0.223600	0.715905
0.223700	0.954540
0.223800	1.431810
0.223900	0.954540
0.224000	1.113630
0.224100	0.874995
0.224200	0.954540
0.224300	0.238635
0.224400	-0.159090
0.224500	0.159090
0.224600	0.318180
0.224700	0.477270
0.224800	0.715905
0.224900	0.795450
0.225000	1.034080
0.225100	1.193170
0.225200	0.715905
0.225300	0.397725
0.225400	0.318180
0.225500	0.636360
0.225600	0.636360
0.225700	0.159090
0.225800	0.000000
0.225900	0.636360
0.226000	0.874995
0.226100	0.795450
0.226200	0.954540
0.226300	0.636360
0.226400	0.715905
0.226500	0.556815
0.226600	0.079545
0.226700	-0.079545
0.226800	0.397725
0.226900	0.477270
0.227000	0.954540
0.227100	0.318180
0.227200	0.397725
0.227300	0.477270
0.227400	0.795450
0.227500	0.715905
0.227600	0.318180
0.227700	0.318180
0.227800	0.238635
0.227900	0.397725
0.228000	0.159090
0.228100	0.795450
0.228200	0.874995
0.228300	0.874995
0.228400	0.477270
0.228500	0.795450
0.228600	0.795450
0.228700	0.874995
0.228800	0.636360
0.228900	0.477270
0.229000	0.636360
0.229100	0.795450
0.229200	1.034080
0.229300	1.113630
0.229400	0.715905
0.229500	0.556815
0.229600	0.556815
0.229700	0.715905
0.229800	1.113630
0.229900	0.477270
0.230000	0.795450
0.230100	0.318180
0.230200	0.477270
0.230300	0.159090
0.230400	0.318180
0.230500	0.636360
0.230600	1.113630
0.230700	0.238635
0.230800	0.000000
0.230900	0.715905
0.231000	1.113630
0.231100	1.034080
0.231200	0.477270
0.231300	0.477270
0.231400	0.238635
0.231500	-0.079545
0.231600	0.000000
0.231700	0.477270
0.231800	1.113630
0.231900	0.795450
0.232000	0.636360
0.232100	0.079545
0.232200	0.556815
0.232300	0.636360
0.232400	0.556815
0.232500	0.636360
0.232600	0.318180
0.232700	0.318180
0.232800	0.159090
0.232900	0.636360
0.233000	0.397725
0.233100	0.556815
0.233200	0.556815
0.233300	0.318180
0.233400	0.079545
0.233500	0.795450
0.233600	0.477270
0.233700	0.159090
0.233800	-0.159090
0.233900	0.715905
0.234000	0.954540
0.234100	0.159090
0.234200	-0.477270
0.234300	-0.318180
0.234400	0.636360
0.234500	1.034080
0.234600	0.318180
0.234700	0.238635
0.234800	0.477270
0.234900	0.954540
0.235000	0.874995
0.235100	0.715905
0.235200	0.477270
0.235300	0.477270
0.235400	0.477270
0.235500	0.636360
0.235600	0.079545
0.235700	-0.397725
0.235800	-0.397725
0.235900	-0.159090
0.236000	0.159090
0.236100	0.477270
0.236200	0.477270
0.236300	0.636360
0.236400	0.636360
0.236500	0.556815
0.236600	0.795450
0.236700	0.715905
0.236800	0.477270
0.236900	0.636360
0.237000	0.079545
0.237100	0.318180
0.237200	0.397725
0.237300	0.636360
0.237400	0.159090
0.237500	0.556815
0.237600	0.397725
0.237700	0.238635
0.237800	0.477270
0.237900	0.318180
0.238000	0.238635
0.238100	0.715905
0.238200	0.477270
0.238300	0.000000
0.238400	-0.556815
0.238500	-0.397725
0.238600	0.159090
0.238700	0.159090
0.238800	0.477270
0.238900	0.318180
0.239000	0.556815
0.239100	0.477270
0.239200	0.397725
0.239300	0.238635
0.239400	0.238635
0.239500	0.000000
0.239600	0.238635
0.239700	0.159090
0.239800	-0.159090
0.239900	-0.238635
0.240000	0.159090
0.240100	-0.079545
0.240200	-0.238635
0.240300	-0.397725
0.240400	-0.397725
0.240500	-0.159090
0.240600	0.000000
0.240700	-0.477270
0.240800	-0.715905
0.240900	-0.636360
0.241000	-0.318180
0.241100	0.397725
0.241200	-0.397725
0.241300	-0.636360
0.241400	0.000000
0.241500	-0.079545
0.241600	-0.556815
0.241700	0.000000
0.241800	-0.238635
0.241900	0.477270
0.242000	0.318180
0.242100	0.000000
0.242200	-0.318180
0.242300	-0.238635
0.242400	-0.397725
0.242500	0.000000
0.242600	0.000000
0.242700	-0.159090
0.242800	0.000000
0.242900	0.238635
0.243000	0.318180
0.243100	0.159090
0.243200	0.000000
0.243300	-0.238635
0.243400	-0.795450
0.243500	-0.318180
0.243600	-0.397725
0.243700	-0.397725
0.243800	-0.636360
0.243900	-0.795450
0.244000	0.000000
0.244100	-0.079545
0.244200	-0.159090
0.244300	-0.397725
0.244400	-0.636360
0.244500	-0.397725
0.244600	-0.079545
0.244700	-0.238635
0.244800	-0.556815
0.244900	-0.795450
0.245000	-0.795450
0.245100	-0.477270
0.245200	0.000000
0.245300	0.159090
0.245400	-0.556815
0.245500	-0.954540
0.245600	-0.874995
0.245700	-0.795450
0.245800	-0.636360
0.245900	0.000000
0.246000	-0.477270
0.246100	-0.079545
0.246200	-0.159090
0.246300	-0.556815
0.246400	-0.556815
0.246500	-0.397725
0.246600	-0.159090
0.246700	-0.079545
0.246800	-0.159090
0.246900	-0.636360
0.247000	-0.238635
0.247100	0.159090
0.247200	-0.477270
0.247300	-0.159090
0.247400	-0.079545
0.247500	-0.159090
0.247600	-0.397725
0.247700	-0.874995
0.247800	-0.636360
0.247900	-0.954540
0.248000	-0.556815
0.248100	-0.477270
0.248200	-0.318180
0.248300	-0.397725
0.248400	-0.238635
0.248500	-0.397725
0.248600	-0.636360
0.248700	-0.874995
0.248800	-0.795450
0.248900	-1.193170
0.249000	-0.954540
0.249100	-0.715905
0.249200	0.000000
0.249300	-0.318180
0.249400	-0.556815
0.249500	-0.318180
0.249600	-0.318180
0.249700	-0.874995
0.249800	-0.477270
0.249900	-0.318180
0.250000	-0.477270
0.250100	-0.954540
0.250200	-0.715905
0.250300	-0.477270
0.250400	-0.159090
0.250500	-0.397725
0.250600	-0.318180
0.250700	-0.477270
0.250800	-0.397725
0.250900	-0.159090
0.251000	-0.874995
0.251100	-0.159090
0.251200	-0.238635
0.251300	-0.636360
0.251400	-0.795450
0.251500	-1.193170
0.251600	-1.113630
0.251700	-1.034080
0.251800	-0.318180
0.251900	-0.159090
0.252000	-0.477270
0.252100	-0.397725
0.252200	-0.636360
0.252300	-0.636360
0.252400	-0.795450
0.252500	-0.556815
0.252600	-0.636360
0.252700	-0.874995
0.252800	-0.477270
0.252900	-0.636360
0.253000	-0.636360
0.253100	-0.636360
0.253200	-0.874995
0.253300	-1.034080
0.253400	-0.954540
0.253500	-1.113630
0.253600	-1.193170
0.253700	-0.795450
0.253800	-0.715905
0.253900	-0.556815
0.254000	-0.477270
0.254100	-0.556815
0.254200	-0.636360
0.254300	-0.159090
0.254400	-0.079545
0.254500	-0.874995
0.254600	-0.636360
0.254700	-1.113630
0.254800	-0.636360
0.254900	-0.477270
0.255000	-0.715905
0.255100	-1.034080
0.255200	-0.795450
0.255300	-1.034080
0.255400	-0.954540
0.255500	-1.113630
0.255600	-0.636360
0.255700	-0.874995
0.255800	-0.477270
0.255900	-0.795450
0.256000	-1.113630
0.256100	-1.352260
0.256200	-1.272720
0.256300	-1.034080
0.256400	-1.590900
0.256500	-1.113630
0.256600	-1.193170
0.256700	-1.272720
0.256800	-0.636360
0.256900	-0.874995
0.257000	-1.272720
0.257100	-1.113630
0.257200	-0.795450
0.257300	-0.477270
0.257400	-0.556815
0.257500	-0.477270
0.257600	-0.715905
0.257700	-0.477270
0.257800	-0.477270
0.257900	-0.954540
0.258000	-1.193170
0.258100	-0.954540
0.258200	-0.477270
0.258300	-0.636360
0.258400	-0.477270
0.258500	-0.636360
0.258600	-1.034080
0.258700	-1.034080
0.258800	-0.397725
0.258900	-0.159090
0.259000	-0.397725
0.259100	-0.636360
0.259200	-0.556815
0.259300	0.000000
0.259400	0.000000
0.259500	0.000000
0.259600	-0.079545
0.259700	-0.715905
0.259800	-0.795450
0.259900	-0.715905
0.260000	-0.874995
0.260100	-0.556815
0.260200	-0.318180
0.260300	-0.477270
0.260400	-0.636360
0.260500	-0.556815
0.260600	-0.397725
0.260700	-0.795450
0.260800	-0.477270
0.260900	-0.795450
0.261000	-0.795450
0.261100	-0.318180
0.261200	-0.079545
0.261300	-0.318180
0.261400	-0.556815
0.261500	-0.954540
0.261600	-0.874995
0.261700	-0.477270
0.261800	-0.159090
0.261900	-0.397725
0.262000	-0.715905
0.262100	-1.113630
0.262200	-0.715905
0.262300	-0.397725
0.262400	-0.795450
0.262500	-0.477270
0.262600	-0.477270
0.262700	-0.477270
0.262800	-0.079545
0.262900	-0.318180
0.263000	-0.318180
0.263100	-0.318180
0.263200	-0.477270
0.263300	-0.477270
0.263400	-0.477270
0.263500	-0.477270
0.263600	-0.795450
0.263700	-0.556815
0.263800	-0.318180
0.263900	0.000000
0.264000	0.318180
0.264100	0.159090
0.264200	0.000000
0.264300	-0.159090
0.264400	0.000000
0.264500	-0.159090
0.264600	-0.954540
0.264700	-0.874995
0.264800	-0.477270
0.264900	-0.079545
0.265000	-0.636360
0.265100	-0.318180
0.265200	-0.556815
0.265300	-0.477270
0.265400	0.079545
0.265500	0.636360
0.265600	0.238635
0.265700	-0.159090
0.265800	-0.954540
0.265900	-0.636360
0.266000	-0.556815
0.266100	-0.318180
0.266200	-0.238635
0.266300	0.079545
0.266400	0.318180
0.266500	0.238635
0.266600	0.477270
0.266700	0.318180
0.266800	0.318180
0.266900	0.159090
0.267000	-0.159090
0.267100	-0.238635
0.267200	-0.079545
0.267300	-0.079545
0.267400	-0.318180
0.267500	-0.477270
0.267600	-0.318180
0.267700	0.000000
0.267800	0.159090
0.267900	0.397725
0.268000	0.159090
0.268100	-0.318180
0.268200	0.000000
0.268300	-0.079545
0.268400	-0.159090
0.268500	0.000000
0.268600	-0.079545
0.268700	0.000000
0.268800	-0.477270
0.268900	-0.556815
0.269000	0.079545
0.269100	0.636360
0.269200	0.318180
0.269300	-0.397725
0.269400	-0.636360
0.269500	-0.874995
0.269600	-0.715905
0.269700	-0.397725
0.269800	0.000000
0.269900	-0.079545
0.270000	-0.079545
0.270100	-0.079545
0.270200	0.159090
0.270300	0.159090
0.270400	-0.079545
0.270500	0.000000
0.270600	-0.477270
0.270700	0.000000
0.270800	0.318180
0.270900	0.318180
0.271000	-0.318180
0.271100	-0.238635
0.271200	-0.079545
0.271300	0.000000
0.271400	-0.079545
0.271500	0.238635
0.271600	0.079545
0.271700	0.000000
0.271800	-0.159090
0.271900	-0.079545
0.272000	-0.318180
0.272100	-0.159090
0.272200	0.000000
0.272300	0.000000
0.272400	0.079545
0.272500	0.238635
0.272600	0.397725
0.272700	0.397725
0.272800	-0.238635
0.272900	-0.318180
0.273000	0.159090
0.273100	-0.238635
0.273200	0.079545
0.273300	0.159090
0.273400	0.079545
0.273500	0.079545
0.273600	0.079545
0.273700	-0.159090
0.273800	-0.397725
0.273900	0.397725
0.274000	0.318180
0.274100	0.795450
0.274200	0.477270
0.274300	0.000000
0.274400	0.000000
0.274500	-0.238635
0.274600	0.238635
0.274700	0.318180
0.274800	0.000000
0.274900	0.159090
0.275000	0.000000
0.275100	-0.079545
0.275200	0.159090
0.275300	0.000000
0.275400	0.238635
0.275500	0.238635
0.275600	-0.159090
0.275700	0.318180
0.275800	-0.318180
0.275900	-0.477270
0.276000	-0.238635
0.276100	-0.159090
0.276200	0.079545
0.276300	0.397725
0.276400	0.477270
0.276500	-0.079545
0.276600	0.159090
0.276700	0.397725
0.276800	0.397725
0.276900	0.159090
0.277000	-0.079545
0.277100	-0.079545
0.277200	0.079545
0.277300	0.477270
0.277400	0.397725
0.277500	0.238635
0.277600	0.318180
0.277700	0.238635
0.277800	0.000000
0.277900	0.000000
0.278000	0.159090
0.278100	0.477270
0.278200	0.556815
0.278300	0.477270
0.278400	0.159090
0.278500	0.397725
0.278600	0.477270
0.278700	0.636360
0.278800	0.874995
0.278900	0.477270
0.279000	0.397725
0.279100	0.079545
0.279200	0.238635
0.279300	0.000000
0.279400	-0.318180
0.279500	-0.159090
0.279600	0.159090
0.279700	0.238635
0.279800	0.636360
0.279900	0.636360
0.280000	0.477270
0.280100	0.318180
0.280200	0.477270
0.280300	0.159090
0.280400	0.477270
0.280500	0.477270
0.280600	0.079545
0.280700	0.000000
0.280800	0.477270
0.280900	0.318180
0.281000	0.159090
0.281100	0.715905
0.281200	1.113630
0.281300	0.477270
0.281400	0.556815
0.281500	0.477270
0.281600	0.556815
0.281700	0.715905
0.281800	0.397725
0.281900	0.318180
0.282000	0.477270
0.282100	0.477270
0.282200	0.159090
0.282300	0.477270
0.282400	0.715905
0.282500	0.477270
0.282600	0.238635
0.282700	-0.397725
0.282800	0.397725
0.282900	0.159090
0.283000	0.556815
0.283100	0.397725
0.283200	0.556815
0.283300	0.079545
0.283400	0.397725
0.283500	0.318180
0.283600	0.715905
0.283700	0.238635
0.283800	0.159090
0.283900	0.159090
0.284000	-0.397725
0.284100	0.397725
0.284200	0.636360
0.284300	0.397725
0.284400	-0.079545
0.284500	0.477270
0.284600	0.318180
0.284700	0.079545
0.284800	0.477270
0.284900	0.000000
0.285000	-0.079545
0.285100	0.079545
0.285200	0.477270
0.285300	0.477270
0.285400	0.477270
0.285500	0.477270
0.285600	0.397725
0.285700	0.636360
0.285800	0.795450
0.285900	0.238635
0.286000	0.318180
0.286100	0.318180
0.286200	0.556815
0.286300	0.874995
0.286400	0.795450
0.286500	0.715905
0.286600	0.477270
0.286700	0.318180
0.286800	0.318180
0.286900	0.477270
0.287000	0.477270
0.287100	0.477270
0.287200	0.636360
0.287300	0.636360
0.287400	0.397725
0.287500	0.477270
0.287600	0.636360
0.287700	0.556815
0.287800	0.795450
0.287900	0.954540
0.288000	0.477270
0.288100	0.000000
0.288200	0.318180
0.288300	0.238635
0.288400	0.477270
0.288500	0.477270
0.288600	0.079545
0.288700	0.318180
0.288800	0.159090
0.288900	0.159090
0.289000	0.477270
0.289100	0.477270
0.289200	0.318180
0.289300	0.397725
0.289400	0.477270
0.289500	0.477270
0.289600	0.397725
0.289700	0.318180
0.289800	0.477270
0.289900	0.556815
0.290000	0.636360
0.290100	0.556815
0.290200	0.477270
0.290300	0.397725
0.290400	0.318180
0.290500	0.397725
0.290600	0.238635
0.290700	0.477270
0.290800	0.079545
0.290900	0.397725
0.291000	0.556815
0.291100	0.477270
0.291200	0.477270
0.291300	0.477270
0.291400	0.715905
0.291500	0.238635
0.291600	0.795450
0.291700	0.636360
0.291800	0.238635
0.291900	0.318180
0.292000	-0.159090
0.292100	0.477270
0.292200	0.318180
0.292300	0.477270
0.292400	0.556815
0.292500	0.636360
0.292600	0.556815
0.292700	0.477270
0.292800	0.318180
0.292900	0.318180
0.293000	0.318180
0.293100	0.715905
0.293200	1.034080
0.293300	1.034080
0.293400	0.318180
0.293500	-0.079545
0.293600	0.159090
0.293700	0.477270
0.293800	0.477270
0.293900	-0.079545
0.294000	0.159090
0.294100	0.079545
0.294200	-0.079545
0.294300	0.318180
0.294400	0.397725
0.294500	0.318180
0.294600	0.238635
0.294700	0.477270
0.294800	0.397725
0.294900	0.397725
0.295000	0.477270
0.295100	0.318180
0.295200	-0.159090
0.295300	0.238635
0.295400	-0.079545
0.295500	0.159090
0.295600	0.397725
0.295700	0.397725
0.295800	0.159090
0.295900	0.318180
0.296000	0.397725
0.296100	0.079545
0.296200	0.159090
0.296300	0.715905
0.296400	0.477270
0.296500	0.397725
0.296600	0.477270
0.296700	0.636360
0.296800	0.954540
0.296900	0.715905
0.297000	0.477270
0.297100	0.079545
0.297200	0.238635
0.297300	0.477270
0.297400	0.318180
0.297500	0.477270
0.297600	0.079545
0.297700	0.159090
0.297800	0.159090
0.297900	0.477270
0.298000	0.238635
0.298100	0.079545
0.298200	0.079545
0.298300	0.556815
0.298400	0.477270
0.298500	0.238635
0.298600	0.318180
0.298700	0.477270
0.298800	0.318180
0.298900	0.397725
0.299000	0.477270
0.299100	0.238635
0.299200	-0.079545
0.299300	-0.397725
0.299400	-0.159090
0.299500	0.079545
0.299600	0.397725
0.299700	0.000000
0.299800	0.159090
0.299900	0.556815
